function [ picture ] = get_HAND()
%return point that form a simple hand

picture = [
    -1, 5.5, 4;
    -1, 5.5, 6;  
    -1, 6.5, 6; 
    -1, 6.5, 3.2; -1, 6.3, 3; %chamfer
    -1, 2.2,   3; -1, 2,   3.2; %chamfer
    -1, 2,   8;
    -1, 3,   8; 
    -1, 3,   5;
    -1, 4,   5;
    -1, 4,   6.5;
    -1, 3,   6.5;
    -1, 4,   6.5;
    -1, 4,   4.5;
    -1, 5,   4.5;
    -1, 5,   6.5;
    -1, 4,   6.5;
    -1, 5,   6.5;
    -1, 5,   8.5;
    -1, 6,   8.5;
    -1, 6,   6;
    -1, 6,   6;
     5, 5,   5; ];
end



