function [ A] = get_STAN()
%UNTITLED5 Summary of this function goes here
%   Detailed explanation goes here
A = [-0.125333, 0.988596, 0.083489,   8.348907;
      0.992115, 0.124889, 0.010547,   1.054712;
           0.0, 0.084153,-0.996453, -99.645288;
           0.0,      0.0,      0.0,        1.0;
-0.24869,0.965145,0.081538,8.153796;0.968583,0.247807,0.020935,2.093539;0.0,0.084183,-0.99645,-99.645034;0.0,0.0,0.0,1.0
-0.368125,0.926469,0.078355,7.835497;0.929776,0.366815,0.031023,3.102293;0.0,0.084273,-0.996443,-99.644271;0.0,0.0,0.0,1.0
-0.481754,0.873178,0.073981,7.398065;0.876307,0.480034,0.040671,4.067121;0.0,0.084423,-0.99643,-99.642999;0.0,0.0,0.0,1.0
-0.587785,0.806114,0.06847,6.847009;0.809017,0.585676,0.049746,4.974644;0.0,0.084634,-0.996412,-99.641213;0.0,0.0,0.0,1.0
-0.684547,0.726336,0.061893,6.189253;0.728969,0.682075,0.058121,5.812096;0.0,0.084904,-0.996389,-99.638911;0.0,0.0,0.0,1.0
-0.770513,0.635104,0.054331,5.433077;0.637424,0.767709,0.065675,6.567462;0.0,0.085235,-0.996361,-99.636088;0.0,0.0,0.0,1.0
-0.844328,0.533859,0.045881,4.588051;0.535827,0.841227,0.072296,7.229611;0.0,0.085626,-0.996327,-99.632738;0.0,0.0,0.0,1.0
-0.904827,0.424199,0.03665,3.664955;0.425779,0.901469,0.077884,7.788427;0.0,0.086076,-0.996289,-99.628854;0.0,0.0,0.0,1.0
-0.951057,0.307856,0.026757,2.675692;0.309017,0.947485,0.082349,8.234934;0.0,0.086587,-0.996244,-99.624427;0.0,0.0,0.0,1.0
-0.982287,0.186668,0.016332,1.633179;0.187381,0.978549,0.085614,8.561423;0.0,0.087158,-0.996194,-99.61945;0.0,0.0,0.0,1.0
-0.998027,0.062548,0.005512,0.551231;0.062791,0.994173,0.087616,8.761559;0.0,0.087789,-0.996139,-99.613911;0.0,0.0,0.0,1.0
-0.998027,-0.062544,-0.005556,-0.555568;-0.062791,0.994112,0.088305,8.830494;0.0,0.08848,-0.996078,-99.607799;0.0,0.0,0.0,1.0
-0.982287,-0.186634,-0.01672,-1.672006;-0.187381,0.978369,0.08765,8.764963;0.0,0.08923,-0.996011,-99.601103;0.0,0.0,0.0,1.0
-0.951057,-0.307762,-0.027824,-2.782408;-0.309017,0.947193,0.085634,8.563371;0.0,0.090041,-0.995938,-99.593809;0.0,0.0,0.0,1.0
-0.904827,-0.424016,-0.038708,-3.870797;-0.425779,0.90108,0.082259,8.225863;0.0,0.090911,-0.995859,-99.585903;0.0,0.0,0.0,1.0
-0.844328,-0.533562,-0.049211,-4.921082;-0.535827,0.84076,0.077544,7.754385;0.0,0.091841,-0.995774,-99.577369;0.0,0.0,0.0,1.0
-0.770513,-0.634672,-0.059172,-5.917248;-0.637424,0.767186,0.071527,7.152724;0.0,0.092831,-0.995682,-99.568191;0.0,0.0,0.0,1.0
-0.684547,-0.725749,-0.068436,-6.84356;-0.728969,0.681524,0.064265,6.42653;0.0,0.09388,-0.995584,-99.558352;0.0,0.0,0.0,1.0
-0.587785,-0.805359,-0.076848,-7.684772;-0.809017,0.585127,0.055833,5.583314;0.0,0.094989,-0.995478,-99.547832;0.0,0.0,0.0,1.0
-0.481754,-0.872246,-0.084263,-8.426346;-0.876307,0.479521,0.046324,4.632423;0.0,0.096158,-0.995366,-99.536613;0.0,0.0,0.0,1.0
-0.368125,-0.925357,-0.090547,-9.054671;-0.929776,0.366375,0.03585,3.584998;0.0,0.097385,-0.995247,-99.524674;0.0,0.0,0.0,1.0
-0.24869,-0.963856,-0.095573,-9.557281;-0.968583,0.247476,0.024539,2.453893;0.0,0.098673,-0.99512,-99.511993;0.0,0.0,0.0,1.0
-0.125333,-0.98714,-0.099231,-9.923076;-0.992115,0.124705,0.012536,1.253576;0.0,0.100019,-0.994985,-99.498548;0.0,0.0,0.0,1.0
0.0,-0.994843,-0.101425,-10.142532;-1.0,0.0,0.0,0.0;0.0,0.101425,-0.994843,-99.484316;0.0,0.0,0.0,1.0
0.125333,-0.986849,-0.102079,-10.207902;-0.992115,-0.124668,-0.012896,-1.289558;0.0,0.10289,-0.994693,-99.469271;0.0,0.0,0.0,1.0
0.24869,-0.963289,-0.101134,-10.113405;-0.968583,-0.247331,-0.025967,-2.596681;0.0,0.104414,-0.994534,-99.453388;0.0,0.0,0.0,1.0
0.368125,-0.924538,-0.098554,-9.855395;-0.929776,-0.366051,-0.03902,-3.902027;0.0,0.105997,-0.994366,-99.43664;0.0,0.0,0.0,1.0
0.481754,-0.871215,-0.094325,-9.432511;-0.876307,-0.478955,-0.051856,-5.185567;0.0,0.107639,-0.99419,-99.419;0.0,0.0,0.0,1.0
0.587785,-0.804166,-0.088458,-8.845797;-0.809017,-0.584261,-0.064268,-6.426848;0.0,0.10934,-0.994004,-99.40044;0.0,0.0,0.0,1.0
0.684547,-0.724456,-0.080988,-8.098798;-0.728969,-0.680309,-0.076053,-7.605278;0.0,0.111099,-0.993809,-99.38093;0.0,0.0,0.0,1.0
0.770513,-0.633347,-0.071976,-7.19762;-0.637424,-0.765585,-0.087004,-8.700428;0.0,0.112917,-0.993604,-99.360439;0.0,0.0,0.0,1.0
0.844328,-0.532285,-0.06151,-6.150951;-0.535827,-0.838746,-0.096923,-9.692348;0.0,0.114794,-0.993389,-99.338936;0.0,0.0,0.0,1.0
0.904827,-0.422869,-0.0497,-4.970049;-0.425779,-0.898642,-0.105619,-10.561892;0.0,0.116728,-0.993164,-99.316389;0.0,0.0,0.0,1.0
0.951057,-0.306832,-0.036687,-3.668685;-0.309017,-0.94433,-0.112911,-11.291053;0.0,0.118721,-0.992928,-99.292763;0.0,0.0,0.0,1.0
0.982287,-0.18601,-0.02263,-2.263043;-0.187381,-0.975097,-0.118633,-11.863287;0.0,0.120772,-0.99268,-99.268026;0.0,0.0,0.0,1.0
0.998027,-0.062315,-0.007716,-0.771576;-0.062791,-0.990463,-0.122638,-12.263845;0.0,0.122881,-0.992421,-99.242142;0.0,0.0,0.0,1.0
0.998027,0.062298,0.007852,0.78518;0.062791,-0.990193,-0.124801,-12.480083;0.0,0.125048,-0.992151,-99.215075;0.0,0.0,0.0,1.0
0.982287,0.185858,0.023848,2.384837;0.187381,-0.974299,-0.125018,-12.501755;0.0,0.127272,-0.991868,-99.186787;0.0,0.0,0.0,1.0
0.951057,0.306413,0.040034,4.003429;0.309017,-0.943041,-0.123213,-12.321288;0.0,0.129554,-0.991572,-99.157241;0.0,0.0,0.0,1.0
0.904827,0.42206,0.056157,5.615724;0.425779,-0.896922,-0.11934,-11.934022;0.0,0.131893,-0.991264,-99.126398;0.0,0.0,0.0,1.0
0.844328,0.530973,0.071956,7.195575;0.535827,-0.83668,-0.113384,-11.338412;0.0,0.134289,-0.990942,-99.094218;0.0,0.0,0.0,1.0
0.770513,0.631436,0.087163,8.716299;0.637424,-0.763276,-0.105362,-10.536196;0.0,0.136743,-0.990607,-99.060662;0.0,0.0,0.0,1.0
0.684547,0.721866,0.101511,10.151092;0.728969,-0.677877,-0.095325,-9.53251;0.0,0.139253,-0.990257,-99.025687;0.0,0.0,0.0,1.0
0.587785,0.80084,0.114735,11.473454;0.809017,-0.581844,-0.08336,-8.335953;0.0,0.14182,-0.989893,-98.989251;0.0,0.0,0.0,1.0
0.481754,0.867117,0.126576,12.657645;0.876307,-0.476702,-0.069586,-6.958599;0.0,0.144443,-0.989513,-98.951311;0.0,0.0,0.0,1.0
0.368125,0.919659,0.136791,13.679132;0.929776,-0.364119,-0.05416,-5.415952;0.0,0.147123,-0.989118,-98.911823;0.0,0.0,0.0,1.0
0.24869,0.957645,0.145151,14.515054;0.968583,-0.245882,-0.037268,-3.726832;0.0,0.149859,-0.988707,-98.870744;0.0,0.0,0.0,1.0
0.125333,0.980487,0.151447,15.144666;0.992115,-0.123864,-0.019132,-1.913216;0.0,0.15265,-0.98828,-98.828026;0.0,0.0,0.0,1.0
0.0,0.987836,0.155498,15.54978;1.0,0.0,0.0,0.0;0.0,0.155498,-0.987836,-98.783624;0.0,0.0,0.0,1.0
-0.125333,0.979589,0.157152,15.71517;0.992115,0.123751,0.019853,1.985288;0.0,0.158401,-0.987375,-98.737491;0.0,0.0,0.0,1.0
-0.24869,0.955891,0.15629,15.628956;0.968583,0.245431,0.040128,4.012834;0.0,0.161359,-0.986896,-98.689578;0.0,0.0,0.0,1.0
-0.368125,0.91713,0.152829,15.282941;0.929776,0.363117,0.060509,6.050945;0.0,0.164372,-0.986398,-98.639839;0.0,0.0,0.0,1.0
-0.481754,0.863935,0.146729,14.672904;0.876307,0.474952,0.080665,8.066497;0.0,0.16744,-0.985882,-98.588222;0.0,0.0,0.0,1.0
-0.587785,0.797162,0.137988,13.798832;0.809017,0.579172,0.100254,10.025438;0.0,0.170563,-0.985347,-98.534678;0.0,0.0,0.0,1.0
-0.684547,0.717882,0.126651,12.665096;0.728969,0.674136,0.118933,11.893316;0.0,0.17374,-0.984792,-98.479157;0.0,0.0,0.0,1.0
-0.770513,0.627363,0.112806,11.280556;0.637424,0.758352,0.136358,13.635849;0.0,0.176971,-0.984216,-98.421607;0.0,0.0,0.0,1.0
-0.844328,0.52705,0.096586,9.658593;0.535827,0.830498,0.152195,15.219507;0.0,0.180256,-0.98362,-98.361975;0.0,0.0,0.0,1.0
-0.904827,0.418542,0.078171,7.817065;0.425779,0.889447,0.166121,16.61211;0.0,0.183594,-0.983002,-98.30021;0.0,0.0,0.0,1.0
-0.951057,0.303567,0.057782,5.778186;0.309017,0.934282,0.177834,17.783427;0.0,0.186986,-0.982363,-98.236258;0.0,0.0,0.0,1.0
-0.982287,0.183952,0.035683,3.568316;0.187381,0.964312,0.187058,18.705767;0.0,0.190431,-0.981701,-98.170064;0.0,0.0,0.0,1.0
-0.998027,0.061598,0.012177,1.217685;0.062791,0.97908,0.193545,19.354545;0.0,0.193928,-0.981016,-98.101574;0.0,0.0,0.0,1.0
-0.998027,-0.061554,-0.0124,-1.239974;-0.062791,0.978373,0.197088,19.708826;0.0,0.197478,-0.980307,-98.030733;0.0,0.0,0.0,1.0
-0.982287,-0.183554,-0.037679,-3.767861;-0.187381,0.962224,0.197518,19.751817;0.0,0.20108,-0.979575,-97.957485;0.0,0.0,0.0,1.0
-0.951057,-0.302471,-0.063266,-6.326615;-0.309017,0.930911,0.194713,19.471317;0.0,0.204734,-0.978818,-97.881774;0.0,0.0,0.0,1.0
-0.904827,-0.416427,-0.088749,-8.874889;-0.425779,0.884953,0.188601,18.860099;0.0,0.208439,-0.978035,-97.803543;0.0,0.0,0.0,1.0
-0.844328,-0.523625,-0.1137,-11.369977;-0.535827,0.8251,0.179162,17.916217;0.0,0.212195,-0.977227,-97.722734;0.0,0.0,0.0,1.0
-0.770513,-0.622376,-0.137685,-13.768493;-0.637424,0.752324,0.166432,16.643249;0.0,0.216002,-0.976393,-97.63929;0.0,0.0,0.0,1.0
-0.684547,-0.711132,-0.160271,-16.027079;-0.728969,0.667797,0.150504,15.050429;0.0,0.21986,-0.975532,-97.553151;0.0,0.0,0.0,1.0
-0.587785,-0.788502,-0.181032,-18.103155;-0.809017,0.572881,0.131527,13.152712;0.0,0.223767,-0.974643,-97.46426;0.0,0.0,0.0,1.0
-0.481754,-0.853282,-0.199557,-19.955666;-0.876307,0.469096,0.109707,10.97072;0.0,0.227725,-0.973726,-97.372556;0.0,0.0,0.0,1.0
-0.368125,-0.904468,-0.215458,-21.545843;-0.929776,0.358104,0.085306,8.530603;0.0,0.231731,-0.97278,-97.27798;0.0,0.0,0.0,1.0
-0.24869,-0.941274,-0.228379,-22.837946;-0.968583,0.241678,0.058638,5.863788;0.0,0.235787,-0.971805,-97.180472;0.0,0.0,0.0,1.0
-0.125333,-0.963145,-0.238,-23.799985;-0.992115,0.121673,0.030066,3.006637;0.0,0.239891,-0.9708,-97.079971;0.0,0.0,0.0,1.0
0.0,-0.969764,-0.244044,-24.404397;-1.0,0.0,0.0,0.0;0.0,0.244044,-0.969764,-96.976417;0.0,0.0,0.0,1.0
0.125333,-0.961059,-0.246287,-24.628678;-0.992115,-0.12141,-0.031113,-3.111326;0.0,0.248244,-0.968697,-96.869747;0.0,0.0,0.0,1.0
0.24869,-0.9372,-0.244559,-24.455942;-0.968583,-0.240632,-0.062792,-6.279219;0.0,0.252492,-0.967599,-96.7599;0.0,0.0,0.0,1.0
0.368125,-0.898599,-0.238754,-23.875407;-0.929776,-0.355781,-0.094529,-9.452942;0.0,0.256787,-0.966468,-96.646815;0.0,0.0,0.0,1.0
0.481754,-0.845903,-0.228828,-22.882788;-0.876307,-0.465039,-0.125799,-12.579919;0.0,0.261128,-0.965304,-96.530428;0.0,0.0,0.0,1.0
0.587785,-0.779979,-0.214806,-21.480598;-0.809017,-0.566688,-0.156066,-15.606568;0.0,0.265515,-0.964107,-96.410679;0.0,0.0,0.0,1.0
0.684547,-0.701906,-0.196783,-19.678331;-0.728969,-0.659133,-0.184792,-18.479182;0.0,0.269948,-0.962875,-96.287502;0.0,0.0,0.0,1.0
0.770513,-0.612952,-0.174925,-17.492538;-0.637424,-0.740932,-0.211448,-21.144846;0.0,0.274425,-0.961608,-96.160837;0.0,0.0,0.0,1.0
0.844328,-0.514558,-0.149468,-14.946784;-0.535827,-0.810813,-0.235524,-23.552363;0.0,0.278948,-0.960306,-96.030619;0.0,0.0,0.0,1.0
0.904827,-0.408309,-0.120715,-12.071474;-0.425779,-0.8677,-0.256532,-25.653187;0.0,0.283515,-0.958968,-95.896786;0.0,0.0,0.0,1.0
0.951057,-0.295912,-0.089036,-8.90356;-0.309017,-0.910725,-0.274023,-27.402341;0.0,0.288125,-0.957593,-95.759273;0.0,0.0,0.0,1.0
0.982287,-0.17917,-0.054861,-5.486129;-0.187381,-0.939244,-0.287593,-28.759298;0.0,0.292779,-0.95618,-95.618017;0.0,0.0,0.0,1.0
0.998027,-0.059948,-0.018679,-1.867862;-0.062791,-0.952846,-0.296888,-29.68882;0.0,0.297475,-0.95473,-95.472955;0.0,0.0,0.0,1.0
0.998027,0.059854,0.018976,1.897615;0.062791,-0.951359,-0.301617,-30.161729;0.0,0.302214,-0.95324,-95.324022;0.0,0.0,0.0,1.0
0.982287,0.178333,0.057525,5.752488;0.187381,-0.934854,-0.301556,-30.155599;0.0,0.306994,-0.951712,-95.171155;0.0,0.0,0.0,1.0
0.951057,0.29361,0.096356,9.635608;0.309017,-0.90364,-0.296554,-29.655351;0.0,0.311815,-0.950143,-95.014289;0.0,0.0,0.0,1.0
0.904827,0.403866,0.134834,13.483427;0.425779,-0.858259,-0.286537,-28.653742;0.0,0.316676,-0.948534,-94.853362;0.0,0.0,0.0,1.0
0.844328,0.507365,0.17231,17.231012;0.535827,-0.79948,-0.271517,-27.15173;0.0,0.321578,-0.946883,-94.688308;0.0,0.0,0.0,1.0
0.770513,0.602487,0.208131,20.813102;0.637424,-0.728282,-0.251587,-25.158718;0.0,0.326519,-0.945191,-94.519065;0.0,0.0,0.0,1.0
0.684547,0.68775,0.241652,24.165214;0.728969,-0.64584,-0.226926,-22.692646;0.0,0.331499,-0.943456,-94.345568;0.0,0.0,0.0,1.0
0.587785,0.761833,0.272248,27.224764;0.809017,-0.553504,-0.197799,-19.779949;0.0,0.336517,-0.941678,-94.167754;0.0,0.0,0.0,1.0
0.481754,0.823602,0.299322,29.932188;0.876307,-0.452779,-0.164554,-16.45536;0.0,0.341572,-0.939856,-93.985559;0.0,0.0,0.0,1.0
0.368125,0.87212,0.32232,32.23205;0.929776,-0.345297,-0.127616,-12.761571;0.0,0.346664,-0.937989,-93.798919;0.0,0.0,0.0,1.0
0.24869,0.906669,0.340741,34.074102;0.968583,-0.232793,-0.087487,-8.748742;0.0,0.351793,-0.936078,-93.607772;0.0,0.0,0.0,1.0
0.125333,0.926755,0.354143,35.414298;0.992115,-0.117076,-0.044739,-4.473866;0.0,0.356958,-0.934121,-93.412055;0.0,0.0,0.0,1.0
0.0,0.932117,0.362157,36.215717;1.0,0.0,0.0,0.0;0.0,0.362157,-0.932117,-93.211704;0.0,0.0,0.0,1.0
-0.125333,0.922733,0.364494,36.449404;0.992115,0.116568,0.046046,4.60463;0.0,0.367391,-0.930067,-93.006658;0.0,0.0,0.0,1.0
-0.24869,0.898815,0.360951,36.095082;0.968583,0.230776,0.092676,9.267642;0.0,0.372659,-0.927969,-92.796853;0.0,0.0,0.0,1.0
-0.368125,0.860808,0.351418,35.141751;0.929776,0.340818,0.139136,13.913604;0.0,0.377959,-0.925822,-92.582228;0.0,0.0,0.0,1.0
-0.481754,0.809381,0.335881,33.588135;0.876307,0.444961,0.184652,18.465234;0.0,0.383292,-0.923627,-92.362721;0.0,0.0,0.0,1.0
-0.587785,0.745414,0.31443,31.442972;0.809017,0.541575,0.228447,22.844656;0.0,0.388657,-0.921383,-92.138272;0.0,0.0,0.0,1.0
-0.684547,0.669986,0.287251,28.725148;0.728969,0.629159,0.269747,26.974709;0.0,0.394052,-0.919088,-91.908819;0.0,0.0,0.0,1.0
-0.770513,0.584354,0.254637,25.463652;0.637424,0.706363,0.307803,30.780268;0.0,0.399477,-0.916743,-91.674301;0.0,0.0,0.0,1.0
-0.844328,0.489931,0.216974,21.697366;0.535827,0.772008,0.341896,34.189579;0.0,0.404932,-0.914347,-91.43466;0.0,0.0,0.0,1.0
-0.904827,0.388267,0.174747,17.474669;0.425779,0.82511,0.371356,37.135563;0.0,0.410416,-0.911898,-91.189835;0.0,0.0,0.0,1.0
-0.951057,0.281019,0.128529,12.852874;0.309017,0.864889,0.395571,39.557079;0.0,0.415928,-0.909398,-90.939767;0.0,0.0,0.0,1.0
-0.982287,0.169926,0.078975,7.897494;0.187381,0.890781,0.414001,41.400116;0.0,0.421466,-0.906844,-90.684398;0.0,0.0,0.0,1.0
-0.998027,0.056777,0.026814,2.681354;0.062791,0.902452,0.426189,42.618896;0.0,0.427032,-0.904237,-90.42367;0.0,0.0,0.0,1.0
-0.998027,-0.05661,-0.027165,-2.716458;-0.062791,0.899796,0.431769,43.176862;0.0,0.432622,-0.901575,-90.157526;0.0,0.0,0.0,1.0
-0.982287,-0.168429,-0.082118,-8.211757;-0.187381,0.882938,0.430475,43.047538;0.0,0.438238,-0.898859,-89.885908;0.0,0.0,0.0,1.0
-0.951057,-0.276906,-0.137166,-13.71656;-0.309017,0.85223,0.422152,42.215231;0.0,0.443877,-0.896088,-89.608762;0.0,0.0,0.0,1.0
-0.904827,-0.380332,-0.191405,-19.140472;-0.425779,0.808246,0.406756,40.675574;0.0,0.44954,-0.89326,-89.326032;0.0,0.0,0.0,1.0
-0.844328,-0.477088,-0.243922,-24.392155;-0.535827,0.75177,0.384359,38.435886;0.0,0.455225,-0.890377,-89.037663;0.0,0.0,0.0,1.0
-0.770513,-0.565673,-0.293808,-29.380844;-0.637424,0.683781,0.355153,35.515339;0.0,0.460931,-0.887436,-88.743601;0.0,0.0,0.0,1.0
-0.684547,-0.644728,-0.340179,-34.017893;-0.728969,0.605439,0.319449,31.944928;0.0,0.466658,-0.884438,-88.443793;0.0,0.0,0.0,1.0
-0.587785,-0.713053,-0.382183,-38.218326;-0.809017,0.518063,0.277672,27.767239;0.0,0.472404,-0.881382,-88.138187;0.0,0.0,0.0,1.0
-0.481754,-0.769632,-0.419024,-41.902355;-0.876307,0.423109,0.23036,23.036015;0.0,0.47817,-0.878267,-87.826731;0.0,0.0,0.0,1.0
-0.368125,-0.813642,-0.449969,-44.996853;-0.929776,0.322143,0.178155,17.815514;0.0,0.483953,-0.875094,-87.509375;0.0,0.0,0.0,1.0
-0.24869,-0.84447,-0.474367,-47.436745;-0.968583,0.216823,0.121797,12.179686;0.0,0.489754,-0.871861,-87.186068;0.0,0.0,0.0,1.0
-0.125333,-0.861719,-0.491663,-49.166293;-0.992115,0.10886,0.062111,6.211147;0.0,0.495571,-0.868568,-86.856763;0.0,0.0,0.0,1.0
0.0,-0.865214,-0.501403,-50.140258;-1.0,0.0,0.0,0.0;0.0,0.501403,-0.865214,-86.521411;0.0,0.0,0.0,1.0
0.125333,-0.855004,-0.503249,-50.324901;-0.992115,-0.108012,-0.063575,-6.357513;0.0,0.507249,-0.8618,-86.179965;0.0,0.0,0.0,1.0
0.24869,-0.831358,-0.496988,-49.698819;-0.968583,-0.213456,-0.127605,-12.760488;0.0,0.513108,-0.858324,-85.832379;0.0,0.0,0.0,1.0
0.368125,-0.79476,-0.482536,-48.253586;-0.929776,-0.314668,-0.191049,-19.104946;0.0,0.51898,-0.854786,-85.478609;0.0,0.0,0.0,1.0
0.481754,-0.7459,-0.459942,-45.994184;-0.876307,-0.410062,-0.252855,-25.285517;0.0,0.524864,-0.851186,-85.11861;0.0,0.0,0.0,1.0
0.587785,-0.685661,-0.429392,-42.939228;-0.809017,-0.498162,-0.311972,-31.197175;0.0,0.530758,-0.847523,-84.752339;0.0,0.0,0.0,1.0
0.684547,-0.615102,-0.391209,-39.120948;-0.728969,-0.577619,-0.36737,-36.737015;0.0,0.536662,-0.843798,-84.379756;0.0,0.0,0.0,1.0
0.770513,-0.535441,-0.34585,-34.584951;-0.637424,-0.647237,-0.41806,-41.806024;0.0,0.542574,-0.840008,-84.000819;0.0,0.0,0.0,1.0
0.844328,-0.448034,-0.293897,-29.389746;-0.535827,-0.705989,-0.463108,-46.310829;0.0,0.548493,-0.836155,-83.615489;0.0,0.0,0.0,1.0
0.904827,-0.354349,-0.23606,-23.606039;-0.425779,-0.753031,-0.501654,-50.165387;0.0,0.55442,-0.832237,-83.223728;0.0,0.0,0.0,1.0
0.951057,-0.255945,-0.173158,-17.31581;-0.309017,-0.787717,-0.532926,-53.292583;0.0,0.560351,-0.828255,-82.825499;0.0,0.0,0.0,1.0
0.982287,-0.154441,-0.106112,-10.611173;-0.187381,-0.809609,-0.556257,-55.625717;0.0,0.566288,-0.824208,-82.420766;0.0,0.0,0.0,1.0
0.998027,-0.051494,-0.03593,-3.593046;-0.062791,-0.818477,-0.571098,-57.109831;0.0,0.572227,-0.820095,-82.009495;0.0,0.0,0.0,1.0
0.998027,0.051232,0.036304,3.630358;0.062791,-0.814306,-0.577029,-57.702884;0.0,0.57817,-0.815917,-81.591652;0.0,0.0,0.0,1.0
0.982287,0.152092,0.109452,10.945194;0.187381,-0.797295,-0.573767,-57.376714;0.0,0.584113,-0.811672,-81.167206;0.0,0.0,0.0,1.0
0.951057,0.249488,0.182338,18.233778;0.309017,-0.767846,-0.561178,-56.117798;0.0,0.590057,-0.807361,-80.736127;0.0,0.0,0.0,1.0
0.904827,0.341894,0.253765,25.37648;0.425779,-0.726562,-0.539278,-53.927764;0.0,0.596001,-0.802984,-80.298384;0.0,0.0,0.0,1.0
0.844328,0.427879,0.322537,32.253687;0.535827,-0.674229,-0.508237,-50.823678;0.0,0.601942,-0.79854,-79.853951;0.0,0.0,0.0,1.0
0.770513,0.506133,0.387478,38.747804;0.637424,-0.611809,-0.46838,-46.838049;0.0,0.607881,-0.794028,-79.402801;0.0,0.0,0.0,1.0
0.684547,0.575484,0.447453,44.745263;0.728969,-0.540415,-0.420186,-42.018599;0.0,0.613816,-0.789449,-78.944909;0.0,0.0,0.0,1.0
0.587785,0.634919,0.501385,50.138497;0.809017,-0.461295,-0.364278,-36.427751;0.0,0.619746,-0.784803,-78.480253;0.0,0.0,0.0,1.0
0.481754,0.683596,0.548279,54.827854;0.876307,-0.37581,-0.301419,-30.141868;0.0,0.62567,-0.780088,-78.008809;0.0,0.0,0.0,1.0
0.368125,0.720861,0.587234,58.723409;0.929776,-0.285409,-0.232502,-23.250243;0.0,0.631586,-0.775306,-77.530558;0.0,0.0,0.0,1.0
0.24869,0.74625,0.617467,61.746656;0.968583,-0.191604,-0.158538,-15.853847;0.0,0.637495,-0.770455,-77.045481;0.0,0.0,0.0,1.0
0.125333,0.759499,0.63832,63.832019;0.992115,-0.095947,-0.080639,-8.063859;0.0,0.643394,-0.765536,-76.55356;0.0,0.0,0.0,1.0
0.0,0.760548,0.649282,64.928194;1.0,0.0,0.0,0.0;0.0,0.649282,-0.760548,-76.05478;0.0,0.0,0.0,1.0
-0.125333,0.749534,0.649993,64.999259;0.992115,0.094688,0.082113,8.211316;0.0,0.655159,-0.755491,-75.549127;0.0,0.0,0.0,1.0
-0.24869,0.726792,0.640255,64.025548;0.968583,0.186608,0.16439,16.438967;0.0,0.661023,-0.750366,-75.036589;0.0,0.0,0.0,1.0
-0.368125,0.692843,0.620043,62.004268;0.929776,0.274316,0.245492,24.549227;0.0,0.666873,-0.745172,-74.517154;0.0,0.0,0.0,1.0
-0.481754,0.648386,0.589498,58.949845;0.876307,0.356453,0.32408,32.407952;0.0,0.672708,-0.739908,-73.990813;0.0,0.0,0.0,1.0
-0.587785,0.594284,0.54894,54.893976;0.809017,0.431773,0.398828,39.882808;0.0,0.678527,-0.734576,-73.457559;0.0,0.0,0.0,1.0
-0.684547,0.531545,0.498854,49.885399;0.728969,0.499154,0.468455,46.845508;0.0,0.684328,-0.729174,-72.917387;0.0,0.0,0.0,1.0
-0.770513,0.461306,0.439894,43.989372;0.637424,0.557623,0.53174,53.174017;0.0,0.690112,-0.723703,-72.370292;0.0,0.0,0.0,1.0
-0.844328,0.384811,0.372869,37.286859;0.535827,0.606365,0.587547,58.754688;0.0,0.695875,-0.718163,-71.816271;0.0,0.0,0.0,1.0
-0.904827,0.30339,0.298734,29.873443;0.425779,0.644737,0.634843,63.484298;0.0,0.701618,-0.712553,-71.255325;0.0,0.0,0.0,1.0
-0.951057,0.218436,0.21858,21.857975;0.309017,0.672278,0.672719,67.271931;0.0,0.707339,-0.706875,-70.687454;0.0,0.0,0.0,1.0
-0.982287,0.131378,0.13361,13.360977;0.187381,0.688708,0.700407,70.040695;0.0,0.713037,-0.701127,-70.112662;0.0,0.0,0.0,1.0
-0.998027,0.043659,0.045128,4.51282;0.062791,0.693937,0.717292,71.72922;0.0,0.71871,-0.69531,-69.530953;0.0,0.0,0.0,1.0
-0.998027,-0.043289,-0.045483,-4.548286;-0.062791,0.688063,0.722929,72.292929;0.0,0.724359,-0.689423,-68.942334;0.0,0.0,0.0,1.0
-0.982287,-0.128069,-0.136785,-13.678468;-0.187381,0.671362,0.71705,71.705039;0.0,0.72998,-0.683468,-68.346814;0.0,0.0,0.0,1.0
-0.951057,-0.209342,-0.227305,-22.730497;-0.309017,0.644288,0.699573,69.957277;0.0,0.735574,-0.677444,-67.744402;0.0,0.0,0.0,1.0
-0.904827,-0.285847,-0.315562,-31.556183;-0.425779,0.607457,0.670603,67.060303;0.0,0.741139,-0.671351,-67.13511;0.0,0.0,0.0,1.0
-0.844328,-0.356426,-0.400088,-40.008823;-0.535827,0.561638,0.630438,63.043817;0.0,0.746675,-0.66519,-66.518954;0.0,0.0,0.0,1.0
-0.770513,-0.420037,-0.479457,-47.945658;-0.637424,0.507737,0.579563,57.956345;0.0,0.752178,-0.658959,-65.895948;0.0,0.0,0.0,1.0
-0.684547,-0.475769,-0.552303,-55.230306;-0.728969,0.446777,0.518647,51.86471;0.0,0.75765,-0.652661,-65.26611;0.0,0.0,0.0,1.0
-0.587785,-0.522863,-0.617351,-61.735116;-0.809017,0.379882,0.448532,44.853187;0.0,0.763088,-0.646295,-64.62946;0.0,0.0,0.0,1.0
-0.481754,-0.560714,-0.673434,-67.343409;-0.876307,0.308255,0.370224,37.022352;0.0,0.768491,-0.63986,-63.98602;0.0,0.0,0.0,1.0
-0.368125,-0.588881,-0.719516,-71.951574;-0.929776,0.233155,0.284876,28.487643;0.0,0.773859,-0.633358,-63.335812;0.0,0.0,0.0,1.0
-0.24869,-0.607097,-0.75471,-75.470966;-0.968583,0.155876,0.193777,19.377651;0.0,0.779189,-0.626789,-62.678863;0.0,0.0,0.0,1.0
-0.125333,-0.615262,-0.778296,-77.82958;-0.992115,0.077726,0.098322,9.832163;0.0,0.784482,-0.620152,-62.0152;0.0,0.0,0.0,1.0
0.0,-0.613449,-0.789735,-78.973472;-1.0,0.0,0.0,0.0;0.0,0.789735,-0.613449,-61.344851;0.0,0.0,0.0,1.0
0.125333,-0.601895,-0.788679,-78.867892;-0.992115,-0.076037,-0.099633,-9.963332;0.0,0.794947,-0.606678,-60.667847;0.0,0.0,0.0,1.0
0.24869,-0.580997,-0.774981,-77.498112;-0.968583,-0.149175,-0.198981,-19.898133;0.0,0.800118,-0.599842,-59.984223;0.0,0.0,0.0,1.0
0.368125,-0.551302,-0.748699,-74.869931;-0.929776,-0.218276,-0.296431,-29.643103;0.0,0.805247,-0.59294,-59.294012;0.0,0.0,0.0,1.0
0.481754,-0.513492,-0.710098,-71.00984;-0.876307,-0.282294,-0.39038,-39.03799;0.0,0.810331,-0.585973,-58.597253;0.0,0.0,0.0,1.0
0.587785,-0.468372,-0.659648,-65.964841;-0.809017,-0.340292,-0.479263,-47.926262;0.0,0.81537,-0.57894,-57.893982;0.0,0.0,0.0,1.0
0.684547,-0.416855,-0.598019,-59.801924;-0.728969,-0.391453,-0.561577,-56.157745;0.0,0.820363,-0.571842,-57.184242;0.0,0.0,0.0,1.0
0.770513,-0.359941,-0.526072,-52.607202;-0.637424,-0.435094,-0.635912,-63.591184;0.0,0.825309,-0.564681,-56.468076;0.0,0.0,0.0,1.0
0.844328,-0.298699,-0.444847,-44.484714;-0.535827,-0.470675,-0.700967,-70.096694;0.0,0.830207,-0.557455,-55.745527;0.0,0.0,0.0,1.0
0.904827,-0.234249,-0.355549,-35.554914;-0.425779,-0.497805,-0.75558,-75.558039;0.0,0.835055,-0.550166,-55.016642;0.0,0.0,0.0,1.0
0.951057,-0.167739,-0.259529,-25.952869;-0.309017,-0.516247,-0.798747,-79.874718;0.0,0.839852,-0.542815,-54.28147;0.0,0.0,0.0,1.0
0.982287,-0.100324,-0.158262,-15.826193;-0.187381,-0.525917,-0.829638,-82.963808;0.0,0.844598,-0.535401,-53.540061;0.0,0.0,0.0,1.0
0.998027,-0.033149,-0.053327,-5.332744;-0.062791,-0.526883,-0.847615,-84.761531;0.0,0.849291,-0.527925,-52.792468;0.0,0.0,0.0,1.0
0.998027,0.032675,0.053619,5.361873;0.062791,-0.519361,-0.852245,-85.224523;0.0,0.85393,-0.520387,-52.038745;0.0,0.0,0.0,1.0
0.982287,0.096087,0.16087,16.086955;0.187381,-0.503707,-0.843308,-84.330774;0.0,0.858514,-0.512789,-51.278948;0.0,0.0,0.0,1.0
0.951057,0.156094,0.266695,26.669479;0.309017,-0.480408,-0.820802,-82.080218;0.0,0.863042,-0.505131,-50.513134;0.0,0.0,0.0,1.0
0.904827,0.211788,0.369369,36.936928;0.425779,-0.450073,-0.78495,-78.494968;0.0,0.867513,-0.497414,-49.741365;0.0,0.0,0.0,1.0
0.844328,0.262361,0.467202,46.720151;0.535827,-0.413414,-0.736192,-73.619178;0.0,0.871926,-0.489637,-48.963702;0.0,0.0,0.0,1.0
0.770513,0.307112,0.558562,55.856193;0.637424,-0.371235,-0.675185,-67.518539;0.0,0.87628,-0.481802,-48.180209;0.0,0.0,0.0,1.0
0.684547,0.345465,0.64191,64.19105;0.728969,-0.324413,-0.602794,-60.279408;0.0,0.880574,-0.47391,-47.39095;0.0,0.0,0.0,1.0
0.587785,0.37697,0.715823,71.582294;0.809017,-0.273884,-0.520076,-52.007581;0.0,0.884806,-0.46596,-46.595994;0.0,0.0,0.0,1.0
0.481754,0.401308,0.779015,77.901547;0.876307,-0.220621,-0.428267,-42.826738;0.0,0.888976,-0.457954,-45.79541;0.0,0.0,0.0,1.0
0.368125,0.4183,0.830367,83.036722;0.929776,-0.165617,-0.328766,-32.876564;0.0,0.893083,-0.449893,-44.989268;0.0,0.0,0.0,1.0
0.24869,0.427897,0.86894,86.894034;0.968583,-0.109865,-0.223106,-22.310596;0.0,0.897125,-0.441776,-44.177643;0.0,0.0,0.0,1.0
0.125333,0.430187,0.893997,89.399707;0.992115,-0.054345,-0.112938,-11.293809;0.0,0.901103,-0.433606,-43.360607;0.0,0.0,0.0,1.0
0.0,0.425382,0.905014,90.501372;1.0,0.0,0.0,0.0;0.0,0.905014,-0.425382,-42.538238;0.0,0.0,0.0,1.0
-0.125333,0.413817,0.901691,90.169117;0.992115,0.052277,0.11391,11.391008;0.0,0.908858,-0.417106,-41.710614;0.0,0.0,0.0,1.0
-0.24869,0.395936,0.883962,88.396172;0.968583,0.101659,0.226963,22.696279;0.0,0.912634,-0.408778,-40.877815;0.0,0.0,0.0,1.0
-0.368125,0.372282,0.851992,85.199213;0.929776,0.147397,0.337328,33.732755;0.0,0.916341,-0.400399,-40.039922;0.0,0.0,0.0,1.0
-0.481754,0.343486,0.806183,80.61828;0.876307,0.188833,0.443203,44.320274;0.0,0.919978,-0.39197,-39.197018;0.0,0.0,0.0,1.0
-0.587785,0.310251,0.747163,74.716299;0.809017,0.225411,0.542846,54.284569;0.0,0.923544,-0.383492,-38.349189;0.0,0.0,0.0,1.0
-0.684547,0.273338,0.675782,67.578226;0.728969,0.256681,0.634602,63.460179;0.0,0.927039,-0.374965,-37.496521;0.0,0.0,0.0,1.0
-0.770513,0.233546,0.593098,59.309815;0.637424,0.282309,0.716933,71.69325;0.0,0.930461,-0.366391,-36.639102;0.0,0.0,0.0,1.0
-0.844328,0.191703,0.50036,50.036023;0.535827,0.302075,0.788442,78.844157;0.0,0.93381,-0.35777,-35.777022;0.0,0.0,0.0,1.0
-0.904827,0.148641,0.398991,39.8991;0.425779,0.315879,0.847899,84.789903;0.0,0.937084,-0.349104,-34.910373;0.0,0.0,0.0,1.0
-0.951057,0.105187,0.290564,29.056356;0.309017,0.323732,0.894263,89.42627;0.0,0.940283,-0.340392,-34.039248;0.0,0.0,0.0,1.0
-0.982287,0.062143,0.176777,17.677683;0.187381,0.325763,0.926697,92.66966;0.0,0.943407,-0.331637,-33.16374;0.0,0.0,0.0,1.0
-0.998027,0.020271,0.059428,5.942832;0.062791,0.322202,0.944586,94.458613;0.0,0.946454,-0.322839,-32.283947;0.0,0.0,0.0,1.0
-0.998027,-0.019716,-0.059615,-5.961477;-0.062791,0.31338,0.94755,94.754963;0.0,0.949423,-0.314,-31.399964;0.0,0.0,0.0,1.0
-0.982287,-0.057174,-0.178446,-17.84459;-0.187381,0.299714,0.935446,93.544615;0.0,0.952314,-0.305119,-30.511892;0.0,0.0,0.0,1.0
-0.951057,-0.09153,-0.29515,-29.515031;-0.309017,0.281701,0.908379,90.837925;0.0,0.955126,-0.296198,-29.619831;0.0,0.0,0.0,1.0
-0.904827,-0.1223,-0.407837,-40.783653;-0.425779,0.259901,0.866697,86.669673;0.0,0.957859,-0.287239,-28.723882;0.0,0.0,0.0,1.0
-0.844328,-0.149089,-0.514668,-51.466761;-0.535827,0.234927,0.810986,81.098639;0.0,0.960511,-0.278241,-27.824148;0.0,0.0,0.0,1.0
-0.770513,-0.171599,-0.613892,-61.389173;-0.637424,0.207428,0.742068,74.206762;0.0,0.963082,-0.269207,-26.920734;0.0,0.0,0.0,1.0
-0.684547,-0.189632,-0.703871,-70.38714;-0.728969,0.178076,0.660979,66.097924;0.0,0.965572,-0.260137,-26.013745;0.0,0.0,0.0,1.0
-0.587785,-0.20309,-0.783111,-78.31111;-0.809017,0.147553,0.568964,56.896352;0.0,0.967979,-0.251033,-25.103288;0.0,0.0,0.0,1.0
-0.481754,-0.211974,-0.850283,-85.028256;-0.876307,0.116534,0.467447,46.74468;0.0,0.970303,-0.241895,-24.189472;0.0,0.0,0.0,1.0
-0.368125,-0.216381,-0.904247,-90.424744;-0.929776,0.085671,0.358017,35.801689;0.0,0.972543,-0.232724,-23.272405;0.0,0.0,0.0,1.0
-0.24869,-0.2165,-0.944077,-94.407693;-0.968583,0.055588,0.242398,24.239776;0.0,0.974699,-0.223522,-22.352198;0.0,0.0,0.0,1.0
-0.125333,-0.2126,-0.969068,-96.906804;-0.992115,0.026858,0.122422,12.242176;0.0,0.97677,-0.21429,-21.428963;0.0,0.0,0.0,1.0
0.0,-0.205028,-0.978756,-97.875608;-1.0,0.0,0.0,0.0;0.0,0.978756,-0.205028,-20.502813;0.0,0.0,0.0,1.0
0.125333,-0.194195,-0.972923,-97.292334;-0.992115,-0.024533,-0.122909,-12.29088;0.0,0.980656,-0.195739,-19.57386;0.0,0.0,0.0,1.0
0.24869,-0.180565,-0.951604,-95.160363;-0.968583,-0.046361,-0.24433,-24.433029;0.0,0.98247,-0.186422,-18.64222;0.0,0.0,0.0,1.0
0.368125,-0.164645,-0.915083,-91.508271;-0.929776,-0.065188,-0.362307,-36.230688;0.0,0.984196,-0.17708,-17.708008;0.0,0.0,0.0,1.0
0.481754,-0.146968,-0.863894,-86.389449;-0.876307,-0.080797,-0.47493,-47.493002;0.0,0.985836,-0.167713,-16.771341;0.0,0.0,0.0,1.0
0.587785,-0.128086,-0.798813,-79.881312;-0.809017,-0.09306,-0.580372,-58.03717;0.0,0.987387,-0.158323,-15.832337;0.0,0.0,0.0,1.0
0.684547,-0.108552,-0.720841,-72.084105;-0.728969,-0.101937,-0.676915,-67.69148;0.0,0.988851,-0.148911,-14.891113;0.0,0.0,0.0,1.0
0.770513,-0.088907,-0.631193,-63.119329;-0.637424,-0.10747,-0.762982,-76.298162;0.0,0.990225,-0.139478,-13.947789;0.0,0.0,0.0,1.0
0.844328,-0.069671,-0.531278,-53.127802;-0.535827,-0.109784,-0.83716,-83.71602;0.0,0.991511,-0.130025,-13.002486;0.0,0.0,0.0,1.0
0.904827,-0.051329,-0.422674,-42.267403;-0.425779,-0.10908,-0.898228,-89.822803;0.0,0.992707,-0.120553,-12.055322;0.0,0.0,0.0,1.0
0.951057,-0.034321,-0.307105,-30.710518;-0.309017,-0.105628,-0.945173,-94.517255;0.0,0.993813,-0.111064,-11.106421;0.0,0.0,0.0,1.0
0.982287,-0.01903,-0.186412,-18.641246;-0.187381,-0.09976,-0.977208,-97.720835;0.0,0.99483,-0.101559,-10.155903;0.0,0.0,0.0,1.0
0.998027,-0.005779,-0.062524,-6.2524;-0.062791,-0.091857,-0.993791,-99.379051;0.0,0.995755,-0.092039,-9.203892;0.0,0.0,0.0,1.0
0.998027,0.005181,0.062576,6.257644;0.062791,-0.082342,-0.994624,-99.46241;0.0,0.996591,-0.082505,-8.25051;0.0,0.0,0.0,1.0
0.982287,0.013671,0.186882,18.688193;0.187381,-0.071667,-0.979669,-97.966941;0.0,0.997335,-0.072959,-7.295882;0.0,0.0,0.0,1.0
0.951057,0.019592,0.308395,30.839529;0.309017,-0.060298,-0.949143,-94.91431;0.0,0.997988,-0.063401,-6.340131;0.0,0.0,0.0,1.0
0.904827,0.022921,0.425162,42.516187;0.425779,-0.04871,-0.903515,-90.351497;0.0,0.99855,-0.053834,-5.383382;0.0,0.0,0.0,1.0
0.844328,0.023714,0.535302,53.530177;0.535827,-0.037368,-0.843501,-84.350061;0.0,0.99902,-0.044258,-4.42576;0.0,0.0,0.0,1.0
0.770513,0.022102,0.637041,63.704069;0.637424,-0.026717,-0.77005,-77.004992;0.0,0.999399,-0.034674,-3.46739;0.0,0.0,0.0,1.0
0.684547,0.018285,0.728739,72.873926;0.728969,-0.017171,-0.684332,-68.433171;0.0,0.999685,-0.025084,-2.508398;0.0,0.0,0.0,1.0
0.587785,0.012531,0.80892,80.891994;0.809017,-0.009104,-0.587715,-58.771474;0.0,0.99988,-0.015489,-1.54891;0.0,0.0,0.0,1.0
0.481754,0.005162,0.876291,87.629148;0.876307,-0.002838,-0.481745,-48.174532;0.0,0.999983,-0.005891,-0.589051;0.0,0.0,0.0,1.0
0.368125,-0.00345,0.92977,92.977009;0.929776,0.001366,-0.368122,-36.812202;0.0,0.999993,0.003711,0.371051;0.0,0.0,0.0,1.0
0.24869,-0.012894,0.968497,96.849733;0.968583,0.003311,-0.248668,-24.866785;0.0,0.999911,0.013313,1.33127;0.0,0.0,0.0,1.0
0.125333,-0.022734,0.991854,99.185419;0.992115,0.002872,-0.1253,-12.530032;0.0,0.999737,0.022915,2.291481;0.0,0.0,0.0,1.0
0.0,-0.032516,0.999471,99.947123;1.0,0.0,0.0,0.0;0.0,0.999471,0.032516,3.251556;0.0,0.0,0.0,1.0
-0.125333,-0.041782,0.991235,99.123452;0.992115,-0.005278,0.125222,12.522204;0.0,0.999113,0.042114,4.211368;0.0,0.0,0.0,1.0
-0.24869,-0.050083,0.967287,96.728744;0.968583,-0.012859,0.248357,24.83572;0.0,0.998662,0.051708,5.170793;0.0,0.0,0.0,1.0
-0.368125,-0.056993,0.928028,92.802811;0.929776,-0.022565,0.367432,36.743232;0.0,0.99812,0.061297,6.129702;0.0,0.0,0.0,1.0
-0.481754,-0.062112,0.874103,87.410266;0.876307,-0.034147,0.480542,48.0542;0.0,0.997485,0.07088,7.087971;0.0,0.0,0.0,1.0
-0.587785,-0.065089,0.806394,80.639438;0.809017,-0.04729,0.58588,58.587981;0.0,0.996758,0.080455,8.045472;0.0,0.0,0.0,1.0
-0.684547,-0.065622,0.726009,72.600893;0.728969,-0.061623,0.681768,68.176777;0.0,0.99594,0.090021,9.00208;0.0,0.0,0.0,1.0
-0.770513,-0.063473,0.634256,63.425592;0.637424,-0.076725,0.766684,76.668371;0.0,0.99503,0.099577,9.95767;0.0,0.0,0.0,1.0
-0.844328,-0.05847,0.532627,53.262708;0.535827,-0.092134,0.839286,83.928598;0.0,0.994028,0.109121,10.912117;0.0,0.0,0.0,1.0
-0.904827,-0.05052,0.422771,42.27715;0.425779,-0.10736,0.898435,89.843516;0.0,0.992936,0.118653,11.865294;0.0,0.0,0.0,1.0
-0.951057,-0.039607,0.306468,30.646826;0.309017,-0.121898,0.943212,94.321231;0.0,0.991752,0.128171,12.817079;0.0,0.0,0.0,1.0
-0.982287,-0.025797,0.185597,18.559701;0.187381,-0.135235,0.972934,97.293359;0.0,0.990478,0.137673,13.767348;0.0,0.0,0.0,1.0
-0.998027,-0.00924,0.062107,6.21069;0.062791,-0.146869,0.987161,98.716095;0.0,0.989113,0.14716,14.715975;0.0,0.0,0.0,1.0
-0.998027,0.009835,-0.062016,-6.201553;-0.062791,-0.156319,0.985709,98.570869;0.0,0.987658,0.156628,15.66284;0.0,0.0,0.0,1.0
-0.982287,0.03112,-0.184779,-18.477907;-0.187381,-0.163136,0.968646,96.864582;0.0,0.986113,0.166078,16.607818;0.0,0.0,0.0,1.0
-0.951057,0.054235,-0.30422,-30.422044;-0.309017,-0.166918,0.936294,93.629424;0.0,0.984478,0.175508,17.550789;0.0,0.0,0.0,1.0
-0.904827,0.078734,-0.418436,-41.843642;-0.425779,-0.167317,0.889223,88.922265;0.0,0.982754,0.184916,18.491632;0.0,0.0,0.0,1.0
-0.844328,0.104112,-0.525615,-52.561485;-0.535827,-0.164055,0.828236,82.823648;0.0,0.980942,0.194302,19.430226;0.0,0.0,0.0,1.0
-0.770513,0.129821,-0.624064,-62.406405;-0.637424,-0.156926,0.754364,75.436385;0.0,0.979041,0.203665,20.366451;0.0,0.0,0.0,1.0
-0.684547,0.155272,-0.71224,-71.22401;-0.728969,-0.14581,0.668838,66.883797;0.0,0.977052,0.213002,21.300189;0.0,0.0,0.0,1.0
-0.587785,0.179855,-0.788772,-78.877159;-0.809017,-0.130672,0.573076,57.30761;0.0,0.974975,0.222313,22.231322;0.0,0.0,0.0,1.0
-0.481754,0.20295,-0.852481,-85.248143;-0.876307,-0.111573,0.468656,46.865563;0.0,0.972812,0.231597,23.159731;0.0,0.0,0.0,1.0
-0.368125,0.223939,-0.902405,-90.240535;-0.929776,-0.088664,0.357288,35.728755;0.0,0.970562,0.240853,24.085303;0.0,0.0,0.0,1.0
-0.24869,0.242223,-0.937807,-93.78068;-0.968583,-0.062192,0.240788,24.078786;0.0,0.968225,0.250079,25.00792;0.0,0.0,0.0,1.0
-0.125333,0.25723,-0.958188,-95.818797;-0.992115,-0.032496,0.121047,12.104729;0.0,0.965804,0.259275,25.927469;0.0,0.0,0.0,1.0
0.0,0.268438,-0.963297,-96.329686;-1.0,0.0,0.0,0.0;0.0,0.963297,0.268438,26.843836;0.0,0.0,0.0,1.0
0.125333,0.27538,-0.95313,-95.313023;-0.992115,0.034789,-0.120408,-12.040835;0.0,0.960706,0.277569,27.756909;0.0,0.0,0.0,1.0
0.24869,0.27766,-0.927932,-92.793236;-0.968583,0.071291,-0.238253,-23.825254;0.0,0.958031,0.286666,28.666578;0.0,0.0,0.0,1.0
0.368125,0.27496,-0.88819,-88.818981;-0.929776,0.108864,-0.351659,-35.165922;0.0,0.955272,0.295727,29.572731;0.0,0.0,0.0,1.0
0.481754,0.267057,-0.834622,-83.462212;-0.876307,0.146816,-0.458837,-45.88374;0.0,0.952432,0.304753,30.475261;0.0,0.0,0.0,1.0
0.587785,0.253821,-0.768169,-76.81687;-0.809017,0.184412,-0.558107,-55.810723;0.0,0.949509,0.313741,31.37406;0.0,0.0,0.0,1.0
0.684547,0.235231,-0.689972,-68.997219;-0.728969,0.220897,-0.647927,-64.792701;0.0,0.946505,0.32269,32.269021;0.0,0.0,0.0,1.0
0.770513,0.21137,-0.601359,-60.13585;-0.637424,0.255502,-0.726918,-72.691756;0.0,0.94342,0.3316,33.160039;0.0,0.0,0.0,1.0
0.844328,0.182433,-0.503814,-50.3814;-0.535827,0.287468,-0.793884,-79.388384;0.0,0.940255,0.34047,34.047011;0.0,0.0,0.0,1.0
0.904827,0.148724,-0.39896,-39.896012;-0.425779,0.316055,-0.847833,-84.783341;0.0,0.937012,0.349298,34.929834;0.0,0.0,0.0,1.0
0.951057,0.110654,-0.288526,-28.852588;-0.309017,0.340558,-0.887991,-88.799134;0.0,0.933689,0.358084,35.808408;0.0,0.0,0.0,1.0
0.982287,0.068736,-0.174319,-17.431886;-0.187381,0.360329,-0.913811,-91.381146;0.0,0.930289,0.366826,36.682631;0.0,0.0,0.0,1.0
0.998027,0.023579,-0.058195,-5.819505;-0.062791,0.374783,-0.924984,-92.498379;0.0,0.926813,0.375524,37.552407;0.0,0.0,0.0,1.0
0.998027,-0.024123,0.057972,5.797196;0.062791,0.383418,-0.921438,-92.143787;0.0,0.92326,0.384176,38.417639;0.0,0.0,0.0,1.0
0.982287,-0.0736,0.172322,17.232176;0.187381,0.385825,-0.903342,-90.334228;0.0,0.919631,0.392782,39.278231;0.0,0.0,0.0,1.0
0.951057,-0.124021,0.283038,28.303755;0.309017,0.381698,-0.8711,-87.110001;0.0,0.915929,0.401341,40.13409;0.0,0.0,0.0,1.0
0.904827,-0.174506,0.388376,38.83756;0.425779,0.370844,-0.82534,-82.534015;0.0,0.912152,0.409851,40.985123;0.0,0.0,0.0,1.0
0.844328,-0.224143,0.486693,48.66932;0.535827,0.353193,-0.766906,-76.690577;0.0,0.908303,0.418312,41.83124;0.0,0.0,0.0,1.0
0.770513,-0.272004,0.576475,57.647487;0.637424,0.328796,-0.696838,-69.683841;0.0,0.904382,0.426724,42.672352;0.0,0.0,0.0,1.0
0.684547,-0.317162,0.656356,65.635606;0.728969,0.297835,-0.616359,-61.635937;0.0,0.90039,0.435084,43.508372;0.0,0.0,0.0,1.0
0.587785,-0.358712,0.725144,72.514437;0.809017,0.260619,-0.526848,-52.684823;0.0,0.896328,0.443392,44.339214;0.0,0.0,0.0,1.0
0.481754,-0.395782,0.781838,78.183753;0.876307,0.217583,-0.429819,-42.981882;0.0,0.892196,0.451648,45.164793;0.0,0.0,0.0,1.0
0.368125,-0.427558,0.825638,82.563823;0.929776,0.169282,-0.326893,-32.68933;0.0,0.887996,0.45985,45.985028;0.0,0.0,0.0,1.0
0.24869,-0.453295,0.855965,85.596534;0.968583,0.116386,-0.219775,-21.977454;0.0,0.883729,0.467998,46.799839;0.0,0.0,0.0,1.0
0.125333,-0.472337,0.872461,87.246148;0.992115,0.05967,-0.110218,-11.021752;0.0,0.879396,0.476091,47.609145;0.0,0.0,0.0,1.0
0.0,-0.484129,0.874997,87.49968;1.0,0.0,0.0,0.0;0.0,0.874997,0.484129,48.412871;0.0,0.0,0.0,1.0
-0.125333,-0.488229,0.863669,86.366895;0.992115,-0.061678,0.109107,10.910676;0.0,0.870533,0.492109,49.21094;0.0,0.0,0.0,1.0
-0.24869,-0.484323,0.838799,83.879928;0.968583,-0.124353,0.215367,21.536705;0.0,0.866006,0.500033,50.003279;0.0,0.0,0.0,1.0
-0.368125,-0.472232,0.800925,80.092538;0.929776,-0.18697,0.317109,31.710879;0.0,0.861417,0.507898,50.789818;0.0,0.0,0.0,1.0
-0.481754,-0.451916,0.75079,75.079004;0.876307,-0.248443,0.41275,41.275032;0.0,0.856766,0.515705,51.570485;0.0,0.0,0.0,1.0
-0.587785,-0.423482,0.689327,68.932705;0.809017,-0.307677,0.500825,50.082542;0.0,0.852055,0.523452,52.345212;0.0,0.0,0.0,1.0
-0.684547,-0.387184,0.617644,61.764381;0.728969,-0.36359,0.580006,58.000614;0.0,0.847284,0.531139,53.113934;0.0,0.0,0.0,1.0
-0.770513,-0.343422,0.537001,53.700137;0.637424,-0.415126,0.649123,64.912315;0.0,0.842456,0.538766,53.876587;0.0,0.0,0.0,1.0
-0.844328,-0.292739,0.448792,44.879208;0.535827,-0.461283,0.707183,70.718316;0.0,0.837569,0.546331,54.633108;0.0,0.0,0.0,1.0
-0.904827,-0.235811,0.354515,35.451528;0.425779,-0.501124,0.753383,75.338332;0.0,0.832627,0.553834,55.383436;0.0,0.0,0.0,1.0
-0.951057,-0.173444,0.255752,25.575151;0.309017,-0.533804,0.787122,78.712222;0.0,0.827629,0.561275,56.127513;0.0,0.0,0.0,1.0
-0.982287,-0.106555,0.154136,15.413568;0.187381,-0.55858,0.808008,80.800753;0.0,0.822578,0.568653,56.865282;0.0,0.0,0.0,1.0
-0.998027,-0.036165,0.05133,5.132956;0.062791,-0.57483,0.81586,81.585993;0.0,0.817473,0.575967,57.596689;0.0,0.0,0.0,1.0
-0.998027,0.03662,-0.051006,-5.100578;-0.062791,-0.582066,0.810714,81.071362;0.0,0.812317,0.583217,58.32168;0.0,0.0,0.0,1.0
-0.982287,0.11063,-0.151237,-15.12372;-0.187381,-0.579944,0.792813,79.281317;0.0,0.807109,0.590402,59.040206;0.0,0.0,0.0,1.0
-0.951057,0.184645,-0.247786,-24.778602;-0.309017,-0.568277,0.762607,76.260695;0.0,0.801852,0.597522,59.752216;0.0,0.0,0.0,1.0
-0.904827,0.257416,-0.339153,-33.91532;-0.425779,-0.547037,0.720737,72.073724;0.0,0.796547,0.604577,60.457665;0.0,0.0,0.0,1.0
-0.844328,0.327693,-0.423943,-42.394302;-0.535827,-0.516361,0.668027,66.80273;0.0,0.791194,0.611565,61.156507;0.0,0.0,0.0,1.0
-0.770513,0.394238,-0.500885,-50.088461;-0.637424,-0.476552,0.605465,60.546548;0.0,0.785795,0.618487,61.8487;0.0,0.0,0.0,1.0
