function [ A] = get_STAN()
%UNTITLED5 Summary of this function goes here
%   Detailed explanation goes here
A = [-0.125333, 0.988596, 0.083489,   8.348907;
      0.992115, 0.124889, 0.010547,   1.054712;
           0.0, 0.084153,-0.996453, -99.645288;
           0.0,      0.0,      0.0,        1.0;
-0.24869,0.965145,0.081538,8.153796;0.968583,0.247807,0.020935,2.093539;0.0,0.084183,-0.99645,-99.645034;0.0,0.0,0.0,1.0
-0.368125,0.926469,0.078355,7.835497;0.929776,0.366815,0.031023,3.102293;0.0,0.084273,-0.996443,-99.644271;0.0,0.0,0.0,1.0
-0.481754,0.873178,0.073981,7.398065;0.876307,0.480034,0.040671,4.067121;0.0,0.084423,-0.99643,-99.642999;0.0,0.0,0.0,1.0
-0.587785,0.806114,0.06847,6.847009;0.809017,0.585676,0.049746,4.974644;0.0,0.084634,-0.996412,-99.641213;0.0,0.0,0.0,1.0
-0.684547,0.726336,0.061893,6.189253;0.728969,0.682075,0.058121,5.812096;0.0,0.084904,-0.996389,-99.638911;0.0,0.0,0.0,1.0
-0.770513,0.635104,0.054331,5.433077;0.637424,0.767709,0.065675,6.567462;0.0,0.085235,-0.996361,-99.636088;0.0,0.0,0.0,1.0
-0.844328,0.533859,0.045881,4.588051;0.535827,0.841227,0.072296,7.229611;0.0,0.085626,-0.996327,-99.632738;0.0,0.0,0.0,1.0
-0.904827,0.424199,0.03665,3.664955;0.425779,0.901469,0.077884,7.788427;0.0,0.086076,-0.996289,-99.628854;0.0,0.0,0.0,1.0
-0.951057,0.307856,0.026757,2.675692;0.309017,0.947485,0.082349,8.234934;0.0,0.086587,-0.996244,-99.624427;0.0,0.0,0.0,1.0
-0.982287,0.186668,0.016332,1.633179;0.187381,0.978549,0.085614,8.561423;0.0,0.087158,-0.996194,-99.61945;0.0,0.0,0.0,1.0
-0.998027,0.062548,0.005512,0.551231;0.062791,0.994173,0.087616,8.761559;0.0,0.087789,-0.996139,-99.613911;0.0,0.0,0.0,1.0
-0.998027,-0.062544,-0.005556,-0.555568;-0.062791,0.994112,0.088305,8.830494;0.0,0.08848,-0.996078,-99.607799;0.0,0.0,0.0,1.0
-0.982287,-0.186634,-0.01672,-1.672006;-0.187381,0.978369,0.08765,8.764963;0.0,0.08923,-0.996011,-99.601103;0.0,0.0,0.0,1.0
-0.951057,-0.307762,-0.027824,-2.782408;-0.309017,0.947193,0.085634,8.563371;0.0,0.090041,-0.995938,-99.593809;0.0,0.0,0.0,1.0
-0.904827,-0.424016,-0.038708,-3.870797;-0.425779,0.90108,0.082259,8.225863;0.0,0.090911,-0.995859,-99.585903;0.0,0.0,0.0,1.0
-0.844328,-0.533562,-0.049211,-4.921082;-0.535827,0.84076,0.077544,7.754385;0.0,0.091841,-0.995774,-99.577369;0.0,0.0,0.0,1.0
-0.770513,-0.634672,-0.059172,-5.917248;-0.637424,0.767186,0.071527,7.152724;0.0,0.092831,-0.995682,-99.568191;0.0,0.0,0.0,1.0
-0.684547,-0.725749,-0.068436,-6.84356;-0.728969,0.681524,0.064265,6.42653;0.0,0.09388,-0.995584,-99.558352;0.0,0.0,0.0,1.0
-0.587785,-0.805359,-0.076848,-7.684772;-0.809017,0.585127,0.055833,5.583314;0.0,0.094989,-0.995478,-99.547832;0.0,0.0,0.0,1.0
-0.481754,-0.872246,-0.084263,-8.426346;-0.876307,0.479521,0.046324,4.632423;0.0,0.096158,-0.995366,-99.536613;0.0,0.0,0.0,1.0
-0.368125,-0.925357,-0.090547,-9.054671;-0.929776,0.366375,0.03585,3.584998;0.0,0.097385,-0.995247,-99.524674;0.0,0.0,0.0,1.0
-0.24869,-0.963856,-0.095573,-9.557281;-0.968583,0.247476,0.024539,2.453893;0.0,0.098673,-0.99512,-99.511993;0.0,0.0,0.0,1.0
-0.125333,-0.98714,-0.099231,-9.923076;-0.992115,0.124705,0.012536,1.253576;0.0,0.100019,-0.994985,-99.498548;0.0,0.0,0.0,1.0
0.0,-0.994843,-0.101425,-10.142532;-1.0,0.0,0.0,0.0;0.0,0.101425,-0.994843,-99.484316;0.0,0.0,0.0,1.0
0.125333,-0.986849,-0.102079,-10.207902;-0.992115,-0.124668,-0.012896,-1.289558;0.0,0.10289,-0.994693,-99.469271;0.0,0.0,0.0,1.0
0.24869,-0.963289,-0.101134,-10.113405;-0.968583,-0.247331,-0.025967,-2.596681;0.0,0.104414,-0.994534,-99.453388;0.0,0.0,0.0,1.0
0.368125,-0.924538,-0.098554,-9.855395;-0.929776,-0.366051,-0.03902,-3.902027;0.0,0.105997,-0.994366,-99.43664;0.0,0.0,0.0,1.0
0.481754,-0.871215,-0.094325,-9.432511;-0.876307,-0.478955,-0.051856,-5.185567;0.0,0.107639,-0.99419,-99.419;0.0,0.0,0.0,1.0
0.587785,-0.804166,-0.088458,-8.845797;-0.809017,-0.584261,-0.064268,-6.426848;0.0,0.10934,-0.994004,-99.40044;0.0,0.0,0.0,1.0
0.684547,-0.724456,-0.080988,-8.098798;-0.728969,-0.680309,-0.076053,-7.605278;0.0,0.111099,-0.993809,-99.38093;0.0,0.0,0.0,1.0
0.770513,-0.633347,-0.071976,-7.19762;-0.637424,-0.765585,-0.087004,-8.700428;0.0,0.112917,-0.993604,-99.360439;0.0,0.0,0.0,1.0
0.844328,-0.532285,-0.06151,-6.150951;-0.535827,-0.838746,-0.096923,-9.692348;0.0,0.114794,-0.993389,-99.338936;0.0,0.0,0.0,1.0
0.904827,-0.422869,-0.0497,-4.970049;-0.425779,-0.898642,-0.105619,-10.561892;0.0,0.116728,-0.993164,-99.316389;0.0,0.0,0.0,1.0
0.951057,-0.306832,-0.036687,-3.668685;-0.309017,-0.94433,-0.112911,-11.291053;0.0,0.118721,-0.992928,-99.292763;0.0,0.0,0.0,1.0
0.982287,-0.18601,-0.02263,-2.263043;-0.187381,-0.975097,-0.118633,-11.863287;0.0,0.120772,-0.99268,-99.268026;0.0,0.0,0.0,1.0
0.998027,-0.062315,-0.007716,-0.771576;-0.062791,-0.990463,-0.122638,-12.263845;0.0,0.122881,-0.992421,-99.242142;0.0,0.0,0.0,1.0
0.998027,0.062298,0.007852,0.78518;0.062791,-0.990193,-0.124801,-12.480083;0.0,0.125048,-0.992151,-99.215075;0.0,0.0,0.0,1.0
0.982287,0.185858,0.023848,2.384837;0.187381,-0.974299,-0.125018,-12.501755;0.0,0.127272,-0.991868,-99.186787;0.0,0.0,0.0,1.0
0.951057,0.306413,0.040034,4.003429;0.309017,-0.943041,-0.123213,-12.321288;0.0,0.129554,-0.991572,-99.157241;0.0,0.0,0.0,1.0
0.904827,0.42206,0.056157,5.615724;0.425779,-0.896922,-0.11934,-11.934022;0.0,0.131893,-0.991264,-99.126398;0.0,0.0,0.0,1.0
0.844328,0.530973,0.071956,7.195575;0.535827,-0.83668,-0.113384,-11.338412;0.0,0.134289,-0.990942,-99.094218;0.0,0.0,0.0,1.0
0.770513,0.631436,0.087163,8.716299;0.637424,-0.763276,-0.105362,-10.536196;0.0,0.136743,-0.990607,-99.060662;0.0,0.0,0.0,1.0
0.684547,0.721866,0.101511,10.151092;0.728969,-0.677877,-0.095325,-9.53251;0.0,0.139253,-0.990257,-99.025687;0.0,0.0,0.0,1.0
0.587785,0.80084,0.114735,11.473454;0.809017,-0.581844,-0.08336,-8.335953;0.0,0.14182,-0.989893,-98.989251;0.0,0.0,0.0,1.0
0.481754,0.867117,0.126576,12.657645;0.876307,-0.476702,-0.069586,-6.958599;0.0,0.144443,-0.989513,-98.951311;0.0,0.0,0.0,1.0
0.368125,0.919659,0.136791,13.679132;0.929776,-0.364119,-0.05416,-5.415952;0.0,0.147123,-0.989118,-98.911823;0.0,0.0,0.0,1.0
0.24869,0.957645,0.145151,14.515054;0.968583,-0.245882,-0.037268,-3.726832;0.0,0.149859,-0.988707,-98.870744;0.0,0.0,0.0,1.0
0.125333,0.980487,0.151447,15.144666;0.992115,-0.123864,-0.019132,-1.913216;0.0,0.15265,-0.98828,-98.828026;0.0,0.0,0.0,1.0
0.0,0.987836,0.155498,15.54978;1.0,0.0,0.0,0.0;0.0,0.155498,-0.987836,-98.783624;0.0,0.0,0.0,1.0
-0.125333,0.979589,0.157152,15.71517;0.992115,0.123751,0.019853,1.985288;0.0,0.158401,-0.987375,-98.737491;0.0,0.0,0.0,1.0
-0.24869,0.955891,0.15629,15.628956;0.968583,0.245431,0.040128,4.012834;0.0,0.161359,-0.986896,-98.689578;0.0,0.0,0.0,1.0
-0.368125,0.91713,0.152829,15.282941;0.929776,0.363117,0.060509,6.050945;0.0,0.164372,-0.986398,-98.639839;0.0,0.0,0.0,1.0
-0.481754,0.863935,0.146729,14.672904;0.876307,0.474952,0.080665,8.066497;0.0,0.16744,-0.985882,-98.588222;0.0,0.0,0.0,1.0
-0.587785,0.797162,0.137988,13.798832;0.809017,0.579172,0.100254,10.025438;0.0,0.170563,-0.985347,-98.534678;0.0,0.0,0.0,1.0
-0.684547,0.717882,0.126651,12.665096;0.728969,0.674136,0.118933,11.893316;0.0,0.17374,-0.984792,-98.479157;0.0,0.0,0.0,1.0
-0.770513,0.627363,0.112806,11.280556;0.637424,0.758352,0.136358,13.635849;0.0,0.176971,-0.984216,-98.421607;0.0,0.0,0.0,1.0
-0.844328,0.52705,0.096586,9.658593;0.535827,0.830498,0.152195,15.219507;0.0,0.180256,-0.98362,-98.361975;0.0,0.0,0.0,1.0
-0.904827,0.418542,0.078171,7.817065;0.425779,0.889447,0.166121,16.61211;0.0,0.183594,-0.983002,-98.30021;0.0,0.0,0.0,1.0
-0.951057,0.303567,0.057782,5.778186;0.309017,0.934282,0.177834,17.783427;0.0,0.186986,-0.982363,-98.236258;0.0,0.0,0.0,1.0
-0.982287,0.183952,0.035683,3.568316;0.187381,0.964312,0.187058,18.705767;0.0,0.190431,-0.981701,-98.170064;0.0,0.0,0.0,1.0
-0.998027,0.061598,0.012177,1.217685;0.062791,0.97908,0.193545,19.354545;0.0,0.193928,-0.981016,-98.101574;0.0,0.0,0.0,1.0
-0.998027,-0.061554,-0.0124,-1.239974;-0.062791,0.978373,0.197088,19.708826;0.0,0.197478,-0.980307,-98.030733;0.0,0.0,0.0,1.0
